- child_frame_id: locobot/plate_link
  frame_id: locobot/base_link
  qw: 1.0
  qx: 5.0837183942254215e-17
  qy: 1.9676123606390647e-16
  qz: 2.0594321945630998e-16
  x: 0.005698349430624111
  y: 0.000736799223272723
  z: 0.09617766190448057
